76561198102894110
76561198392107738
76561198985881583
76561198115923932
76561197993120704
76561198153463376
76561198045058370
76561199154606325
76561198822245451
76561199071687255
76561198281161554
76561198020136620
76561199240784399
76561199177608605
76561198148812435
76561199066591675
76561198029392208
76561198063209048
76561198086585990
76561198289002713
76561199021336948
76561198216176067
76561199485615992
76561198963781202
76561198132390159
76561198201082515
76561199045936718
76561198996907035
76561197965745872
76561198419810168
76561198262538796
76561198047161045
76561199177355271
76561197995257146
76561199104495889