8688202
199170
284552
2861438
1612939
910031
2904833
2609872
6008539
2847988
5323486
260212
300649
2178179
5281267
800739
1636695
1297115
9509227
10833849
2460005
1596766
2294644
11493774
10952501
2869032
1521490
2259036
276889
5301298
6170464
1076004
14450594
9900750
1519633
10975290
14332838
4839710
1346854
690030
1868119
628948
2324516
222736
454166
278650
3369632
2853675
8990857
6426073
2060448
5419774
9754717
10401783
1363742
254049
620649
2265190
278074
811733
3431528
5845487
5634777
4166548
